sphere 0.0 0.0 10.0 2.0
sphere 3.0 0.0 10.0 1.0
sphere 4.5 0.0 10.0 0.5
sphere 5.25 0.0 10.0 0.25
sphere 5.625 0.0 10.0 0.125
sphere 5.25 0.375 10.0 0.125
sphere 5.25 0.0 10.375 0.125
sphere 4.875 0.0 10.0 0.125
sphere 5.25 -0.375 10.0 0.125
sphere 5.25 0.0 9.625 0.125
sphere 4.5 0.75 10.0 0.25
sphere 4.875 0.75 10.0 0.125
sphere 4.5 1.125 10.0 0.125
sphere 4.5 0.75 10.375 0.125
sphere 4.125 0.75 10.0 0.125
sphere 4.5 0.375 10.0 0.125
sphere 4.5 0.75 9.625 0.125
sphere 4.5 0.0 10.75 0.25
sphere 4.875 0.0 10.75 0.125
sphere 4.5 0.375 10.75 0.125
sphere 4.5 0.0 11.125 0.125
sphere 4.125 0.0 10.75 0.125
sphere 4.5 -0.375 10.75 0.125
sphere 4.5 0.0 10.375 0.125
sphere 3.75 0.0 10.0 0.25
sphere 4.125 0.0 10.0 0.125
sphere 3.75 0.375 10.0 0.125
sphere 3.75 0.0 10.375 0.125
sphere 3.375 0.0 10.0 0.125
sphere 3.75 -0.375 10.0 0.125
sphere 3.75 0.0 9.625 0.125
sphere 4.5 -0.75 10.0 0.25
sphere 4.875 -0.75 10.0 0.125
sphere 4.5 -0.375 10.0 0.125
sphere 4.5 -0.75 10.375 0.125
sphere 4.125 -0.75 10.0 0.125
sphere 4.5 -1.125 10.0 0.125
sphere 4.5 -0.75 9.625 0.125
sphere 4.5 0.0 9.25 0.25
sphere 4.875 0.0 9.25 0.125
sphere 4.5 0.375 9.25 0.125
sphere 4.5 0.0 9.625 0.125
sphere 4.125 0.0 9.25 0.125
sphere 4.5 -0.375 9.25 0.125
sphere 4.5 0.0 8.875 0.125
sphere 3.0 1.5 10.0 0.5
sphere 3.75 1.5 10.0 0.25
sphere 4.125 1.5 10.0 0.125
sphere 3.75 1.875 10.0 0.125
sphere 3.75 1.5 10.375 0.125
sphere 3.375 1.5 10.0 0.125
sphere 3.75 1.125 10.0 0.125
sphere 3.75 1.5 9.625 0.125
sphere 3.0 2.25 10.0 0.25
sphere 3.375 2.25 10.0 0.125
sphere 3.0 2.625 10.0 0.125
sphere 3.0 2.25 10.375 0.125
sphere 2.625 2.25 10.0 0.125
sphere 3.0 1.875 10.0 0.125
sphere 3.0 2.25 9.625 0.125
sphere 3.0 1.5 10.75 0.25
sphere 3.375 1.5 10.75 0.125
sphere 3.0 1.875 10.75 0.125
sphere 3.0 1.5 11.125 0.125
sphere 2.625 1.5 10.75 0.125
sphere 3.0 1.125 10.75 0.125
sphere 3.0 1.5 10.375 0.125
sphere 2.25 1.5 10.0 0.25
sphere 2.625 1.5 10.0 0.125
sphere 2.25 1.875 10.0 0.125
sphere 2.25 1.5 10.375 0.125
sphere 1.875 1.5 10.0 0.125
sphere 2.25 1.125 10.0 0.125
sphere 2.25 1.5 9.625 0.125
sphere 3.0 0.75 10.0 0.25
sphere 3.375 0.75 10.0 0.125
sphere 3.0 1.125 10.0 0.125
sphere 3.0 0.75 10.375 0.125
sphere 2.625 0.75 10.0 0.125
sphere 3.0 0.375 10.0 0.125
sphere 3.0 0.75 9.625 0.125
sphere 3.0 1.5 9.25 0.25
sphere 3.375 1.5 9.25 0.125
sphere 3.0 1.875 9.25 0.125
sphere 3.0 1.5 9.625 0.125
sphere 2.625 1.5 9.25 0.125
sphere 3.0 1.125 9.25 0.125
sphere 3.0 1.5 8.875 0.125
sphere 3.0 0.0 11.5 0.5
sphere 3.75 0.0 11.5 0.25
sphere 4.125 0.0 11.5 0.125
sphere 3.75 0.375 11.5 0.125
sphere 3.75 0.0 11.875 0.125
sphere 3.375 0.0 11.5 0.125
sphere 3.75 -0.375 11.5 0.125
sphere 3.75 0.0 11.125 0.125
sphere 3.0 0.75 11.5 0.25
sphere 3.375 0.75 11.5 0.125
sphere 3.0 1.125 11.5 0.125
sphere 3.0 0.75 11.875 0.125
sphere 2.625 0.75 11.5 0.125
sphere 3.0 0.375 11.5 0.125
sphere 3.0 0.75 11.125 0.125
sphere 3.0 0.0 12.25 0.25
sphere 3.375 0.0 12.25 0.125
sphere 3.0 0.375 12.25 0.125
sphere 3.0 0.0 12.625 0.125
sphere 2.625 0.0 12.25 0.125
sphere 3.0 -0.375 12.25 0.125
sphere 3.0 0.0 11.875 0.125
sphere 2.25 0.0 11.5 0.25
sphere 2.625 0.0 11.5 0.125
sphere 2.25 0.375 11.5 0.125
sphere 2.25 0.0 11.875 0.125
sphere 1.875 0.0 11.5 0.125
sphere 2.25 -0.375 11.5 0.125
sphere 2.25 0.0 11.125 0.125
sphere 3.0 -0.75 11.5 0.25
sphere 3.375 -0.75 11.5 0.125
sphere 3.0 -0.375 11.5 0.125
sphere 3.0 -0.75 11.875 0.125
sphere 2.625 -0.75 11.5 0.125
sphere 3.0 -1.125 11.5 0.125
sphere 3.0 -0.75 11.125 0.125
sphere 3.0 0.0 10.75 0.25
sphere 3.375 0.0 10.75 0.125
sphere 3.0 0.375 10.75 0.125
sphere 3.0 0.0 11.125 0.125
sphere 2.625 0.0 10.75 0.125
sphere 3.0 -0.375 10.75 0.125
sphere 3.0 0.0 10.375 0.125
sphere 1.5 0.0 10.0 0.5
sphere 2.25 0.0 10.0 0.25
sphere 2.625 0.0 10.0 0.125
sphere 2.25 0.375 10.0 0.125
sphere 2.25 0.0 10.375 0.125
sphere 1.875 0.0 10.0 0.125
sphere 2.25 -0.375 10.0 0.125
sphere 2.25 0.0 9.625 0.125
sphere 1.5 0.75 10.0 0.25
sphere 1.875 0.75 10.0 0.125
sphere 1.5 1.125 10.0 0.125
sphere 1.5 0.75 10.375 0.125
sphere 1.125 0.75 10.0 0.125
sphere 1.5 0.375 10.0 0.125
sphere 1.5 0.75 9.625 0.125
sphere 1.5 0.0 10.75 0.25
sphere 1.875 0.0 10.75 0.125
sphere 1.5 0.375 10.75 0.125
sphere 1.5 0.0 11.125 0.125
sphere 1.125 0.0 10.75 0.125
sphere 1.5 -0.375 10.75 0.125
sphere 1.5 0.0 10.375 0.125
sphere 0.75 0.0 10.0 0.25
sphere 1.125 0.0 10.0 0.125
sphere 0.75 0.375 10.0 0.125
sphere 0.75 0.0 10.375 0.125
sphere 0.375 0.0 10.0 0.125
sphere 0.75 -0.375 10.0 0.125
sphere 0.75 0.0 9.625 0.125
sphere 1.5 -0.75 10.0 0.25
sphere 1.875 -0.75 10.0 0.125
sphere 1.5 -0.375 10.0 0.125
sphere 1.5 -0.75 10.375 0.125
sphere 1.125 -0.75 10.0 0.125
sphere 1.5 -1.125 10.0 0.125
sphere 1.5 -0.75 9.625 0.125
sphere 1.5 0.0 9.25 0.25
sphere 1.875 0.0 9.25 0.125
sphere 1.5 0.375 9.25 0.125
sphere 1.5 0.0 9.625 0.125
sphere 1.125 0.0 9.25 0.125
sphere 1.5 -0.375 9.25 0.125
sphere 1.5 0.0 8.875 0.125
sphere 3.0 -1.5 10.0 0.5
sphere 3.75 -1.5 10.0 0.25
sphere 4.125 -1.5 10.0 0.125
sphere 3.75 -1.125 10.0 0.125
sphere 3.75 -1.5 10.375 0.125
sphere 3.375 -1.5 10.0 0.125
sphere 3.75 -1.875 10.0 0.125
sphere 3.75 -1.5 9.625 0.125
sphere 3.0 -0.75 10.0 0.25
sphere 3.375 -0.75 10.0 0.125
sphere 3.0 -0.375 10.0 0.125
sphere 3.0 -0.75 10.375 0.125
sphere 2.625 -0.75 10.0 0.125
sphere 3.0 -1.125 10.0 0.125
sphere 3.0 -0.75 9.625 0.125
sphere 3.0 -1.5 10.75 0.25
sphere 3.375 -1.5 10.75 0.125
sphere 3.0 -1.125 10.75 0.125
sphere 3.0 -1.5 11.125 0.125
sphere 2.625 -1.5 10.75 0.125
sphere 3.0 -1.875 10.75 0.125
sphere 3.0 -1.5 10.375 0.125
sphere 2.25 -1.5 10.0 0.25
sphere 2.625 -1.5 10.0 0.125
sphere 2.25 -1.125 10.0 0.125
sphere 2.25 -1.5 10.375 0.125
sphere 1.875 -1.5 10.0 0.125
sphere 2.25 -1.875 10.0 0.125
sphere 2.25 -1.5 9.625 0.125
sphere 3.0 -2.25 10.0 0.25
sphere 3.375 -2.25 10.0 0.125
sphere 3.0 -1.875 10.0 0.125
sphere 3.0 -2.25 10.375 0.125
sphere 2.625 -2.25 10.0 0.125
sphere 3.0 -2.625 10.0 0.125
sphere 3.0 -2.25 9.625 0.125
sphere 3.0 -1.5 9.25 0.25
sphere 3.375 -1.5 9.25 0.125
sphere 3.0 -1.125 9.25 0.125
sphere 3.0 -1.5 9.625 0.125
sphere 2.625 -1.5 9.25 0.125
sphere 3.0 -1.875 9.25 0.125
sphere 3.0 -1.5 8.875 0.125
sphere 3.0 0.0 8.5 0.5
sphere 3.75 0.0 8.5 0.25
sphere 4.125 0.0 8.5 0.125
sphere 3.75 0.375 8.5 0.125
sphere 3.75 0.0 8.875 0.125
sphere 3.375 0.0 8.5 0.125
sphere 3.75 -0.375 8.5 0.125
sphere 3.75 0.0 8.125 0.125
sphere 3.0 0.75 8.5 0.25
sphere 3.375 0.75 8.5 0.125
sphere 3.0 1.125 8.5 0.125
sphere 3.0 0.75 8.875 0.125
sphere 2.625 0.75 8.5 0.125
sphere 3.0 0.375 8.5 0.125
sphere 3.0 0.75 8.125 0.125
sphere 3.0 0.0 9.25 0.25
sphere 3.375 0.0 9.25 0.125
sphere 3.0 0.375 9.25 0.125
sphere 3.0 0.0 9.625 0.125
sphere 2.625 0.0 9.25 0.125
sphere 3.0 -0.375 9.25 0.125
sphere 3.0 0.0 8.875 0.125
sphere 2.25 0.0 8.5 0.25
sphere 2.625 0.0 8.5 0.125
sphere 2.25 0.375 8.5 0.125
sphere 2.25 0.0 8.875 0.125
sphere 1.875 0.0 8.5 0.125
sphere 2.25 -0.375 8.5 0.125
sphere 2.25 0.0 8.125 0.125
sphere 3.0 -0.75 8.5 0.25
sphere 3.375 -0.75 8.5 0.125
sphere 3.0 -0.375 8.5 0.125
sphere 3.0 -0.75 8.875 0.125
sphere 2.625 -0.75 8.5 0.125
sphere 3.0 -1.125 8.5 0.125
sphere 3.0 -0.75 8.125 0.125
sphere 3.0 0.0 7.75 0.25
sphere 3.375 0.0 7.75 0.125
sphere 3.0 0.375 7.75 0.125
sphere 3.0 0.0 8.125 0.125
sphere 2.625 0.0 7.75 0.125
sphere 3.0 -0.375 7.75 0.125
sphere 3.0 0.0 7.375 0.125
sphere 0.0 3.0 10.0 1.0
sphere 1.5 3.0 10.0 0.5
sphere 2.25 3.0 10.0 0.25
sphere 2.625 3.0 10.0 0.125
sphere 2.25 3.375 10.0 0.125
sphere 2.25 3.0 10.375 0.125
sphere 1.875 3.0 10.0 0.125
sphere 2.25 2.625 10.0 0.125
sphere 2.25 3.0 9.625 0.125
sphere 1.5 3.75 10.0 0.25
sphere 1.875 3.75 10.0 0.125
sphere 1.5 4.125 10.0 0.125
sphere 1.5 3.75 10.375 0.125
sphere 1.125 3.75 10.0 0.125
sphere 1.5 3.375 10.0 0.125
sphere 1.5 3.75 9.625 0.125
sphere 1.5 3.0 10.75 0.25
sphere 1.875 3.0 10.75 0.125
sphere 1.5 3.375 10.75 0.125
sphere 1.5 3.0 11.125 0.125
sphere 1.125 3.0 10.75 0.125
sphere 1.5 2.625 10.75 0.125
sphere 1.5 3.0 10.375 0.125
sphere 0.75 3.0 10.0 0.25
sphere 1.125 3.0 10.0 0.125
sphere 0.75 3.375 10.0 0.125
sphere 0.75 3.0 10.375 0.125
sphere 0.375 3.0 10.0 0.125
sphere 0.75 2.625 10.0 0.125
sphere 0.75 3.0 9.625 0.125
sphere 1.5 2.25 10.0 0.25
sphere 1.875 2.25 10.0 0.125
sphere 1.5 2.625 10.0 0.125
sphere 1.5 2.25 10.375 0.125
sphere 1.125 2.25 10.0 0.125
sphere 1.5 1.875 10.0 0.125
sphere 1.5 2.25 9.625 0.125
sphere 1.5 3.0 9.25 0.25
sphere 1.875 3.0 9.25 0.125
sphere 1.5 3.375 9.25 0.125
sphere 1.5 3.0 9.625 0.125
sphere 1.125 3.0 9.25 0.125
sphere 1.5 2.625 9.25 0.125
sphere 1.5 3.0 8.875 0.125
sphere 0.0 4.5 10.0 0.5
sphere 0.75 4.5 10.0 0.25
sphere 1.125 4.5 10.0 0.125
sphere 0.75 4.875 10.0 0.125
sphere 0.75 4.5 10.375 0.125
sphere 0.375 4.5 10.0 0.125
sphere 0.75 4.125 10.0 0.125
sphere 0.75 4.5 9.625 0.125
sphere 0.0 5.25 10.0 0.25
sphere 0.375 5.25 10.0 0.125
sphere 0.0 5.625 10.0 0.125
sphere 0.0 5.25 10.375 0.125
sphere -0.375 5.25 10.0 0.125
sphere 0.0 4.875 10.0 0.125
sphere 0.0 5.25 9.625 0.125
sphere 0.0 4.5 10.75 0.25
sphere 0.375 4.5 10.75 0.125
sphere 0.0 4.875 10.75 0.125
sphere 0.0 4.5 11.125 0.125
sphere -0.375 4.5 10.75 0.125
sphere 0.0 4.125 10.75 0.125
sphere 0.0 4.5 10.375 0.125
sphere -0.75 4.5 10.0 0.25
sphere -0.375 4.5 10.0 0.125
sphere -0.75 4.875 10.0 0.125
sphere -0.75 4.5 10.375 0.125
sphere -1.125 4.5 10.0 0.125
sphere -0.75 4.125 10.0 0.125
sphere -0.75 4.5 9.625 0.125
sphere 0.0 3.75 10.0 0.25
sphere 0.375 3.75 10.0 0.125
sphere 0.0 4.125 10.0 0.125
sphere 0.0 3.75 10.375 0.125
sphere -0.375 3.75 10.0 0.125
sphere 0.0 3.375 10.0 0.125
sphere 0.0 3.75 9.625 0.125
sphere 0.0 4.5 9.25 0.25
sphere 0.375 4.5 9.25 0.125
sphere 0.0 4.875 9.25 0.125
sphere 0.0 4.5 9.625 0.125
sphere -0.375 4.5 9.25 0.125
sphere 0.0 4.125 9.25 0.125
sphere 0.0 4.5 8.875 0.125
sphere 0.0 3.0 11.5 0.5
sphere 0.75 3.0 11.5 0.25
sphere 1.125 3.0 11.5 0.125
sphere 0.75 3.375 11.5 0.125
sphere 0.75 3.0 11.875 0.125
sphere 0.375 3.0 11.5 0.125
sphere 0.75 2.625 11.5 0.125
sphere 0.75 3.0 11.125 0.125
sphere 0.0 3.75 11.5 0.25
sphere 0.375 3.75 11.5 0.125
sphere 0.0 4.125 11.5 0.125
sphere 0.0 3.75 11.875 0.125
sphere -0.375 3.75 11.5 0.125
sphere 0.0 3.375 11.5 0.125
sphere 0.0 3.75 11.125 0.125
sphere 0.0 3.0 12.25 0.25
sphere 0.375 3.0 12.25 0.125
sphere 0.0 3.375 12.25 0.125
sphere 0.0 3.0 12.625 0.125
sphere -0.375 3.0 12.25 0.125
sphere 0.0 2.625 12.25 0.125
sphere 0.0 3.0 11.875 0.125
sphere -0.75 3.0 11.5 0.25
sphere -0.375 3.0 11.5 0.125
sphere -0.75 3.375 11.5 0.125
sphere -0.75 3.0 11.875 0.125
sphere -1.125 3.0 11.5 0.125
sphere -0.75 2.625 11.5 0.125
sphere -0.75 3.0 11.125 0.125
sphere 0.0 2.25 11.5 0.25
sphere 0.375 2.25 11.5 0.125
sphere 0.0 2.625 11.5 0.125
sphere 0.0 2.25 11.875 0.125
sphere -0.375 2.25 11.5 0.125
sphere 0.0 1.875 11.5 0.125
sphere 0.0 2.25 11.125 0.125
sphere 0.0 3.0 10.75 0.25
sphere 0.375 3.0 10.75 0.125
sphere 0.0 3.375 10.75 0.125
sphere 0.0 3.0 11.125 0.125
sphere -0.375 3.0 10.75 0.125
sphere 0.0 2.625 10.75 0.125
sphere 0.0 3.0 10.375 0.125
sphere -1.5 3.0 10.0 0.5
sphere -0.75 3.0 10.0 0.25
sphere -0.375 3.0 10.0 0.125
sphere -0.75 3.375 10.0 0.125
sphere -0.75 3.0 10.375 0.125
sphere -1.125 3.0 10.0 0.125
sphere -0.75 2.625 10.0 0.125
sphere -0.75 3.0 9.625 0.125
sphere -1.5 3.75 10.0 0.25
sphere -1.125 3.75 10.0 0.125
sphere -1.5 4.125 10.0 0.125
sphere -1.5 3.75 10.375 0.125
sphere -1.875 3.75 10.0 0.125
sphere -1.5 3.375 10.0 0.125
sphere -1.5 3.75 9.625 0.125
sphere -1.5 3.0 10.75 0.25
sphere -1.125 3.0 10.75 0.125
sphere -1.5 3.375 10.75 0.125
sphere -1.5 3.0 11.125 0.125
sphere -1.875 3.0 10.75 0.125
sphere -1.5 2.625 10.75 0.125
sphere -1.5 3.0 10.375 0.125
sphere -2.25 3.0 10.0 0.25
sphere -1.875 3.0 10.0 0.125
sphere -2.25 3.375 10.0 0.125
sphere -2.25 3.0 10.375 0.125
sphere -2.625 3.0 10.0 0.125
sphere -2.25 2.625 10.0 0.125
sphere -2.25 3.0 9.625 0.125
sphere -1.5 2.25 10.0 0.25
sphere -1.125 2.25 10.0 0.125
sphere -1.5 2.625 10.0 0.125
sphere -1.5 2.25 10.375 0.125
sphere -1.875 2.25 10.0 0.125
sphere -1.5 1.875 10.0 0.125
sphere -1.5 2.25 9.625 0.125
sphere -1.5 3.0 9.25 0.25
sphere -1.125 3.0 9.25 0.125
sphere -1.5 3.375 9.25 0.125
sphere -1.5 3.0 9.625 0.125
sphere -1.875 3.0 9.25 0.125
sphere -1.5 2.625 9.25 0.125
sphere -1.5 3.0 8.875 0.125
sphere 0.0 1.5 10.0 0.5
sphere 0.75 1.5 10.0 0.25
sphere 1.125 1.5 10.0 0.125
sphere 0.75 1.875 10.0 0.125
sphere 0.75 1.5 10.375 0.125
sphere 0.375 1.5 10.0 0.125
sphere 0.75 1.125 10.0 0.125
sphere 0.75 1.5 9.625 0.125
sphere 0.0 2.25 10.0 0.25
sphere 0.375 2.25 10.0 0.125
sphere 0.0 2.625 10.0 0.125
sphere 0.0 2.25 10.375 0.125
sphere -0.375 2.25 10.0 0.125
sphere 0.0 1.875 10.0 0.125
sphere 0.0 2.25 9.625 0.125
sphere 0.0 1.5 10.75 0.25
sphere 0.375 1.5 10.75 0.125
sphere 0.0 1.875 10.75 0.125
sphere 0.0 1.5 11.125 0.125
sphere -0.375 1.5 10.75 0.125
sphere 0.0 1.125 10.75 0.125
sphere 0.0 1.5 10.375 0.125
sphere -0.75 1.5 10.0 0.25
sphere -0.375 1.5 10.0 0.125
sphere -0.75 1.875 10.0 0.125
sphere -0.75 1.5 10.375 0.125
sphere -1.125 1.5 10.0 0.125
sphere -0.75 1.125 10.0 0.125
sphere -0.75 1.5 9.625 0.125
sphere 0.0 0.75 10.0 0.25
sphere 0.375 0.75 10.0 0.125
sphere 0.0 1.125 10.0 0.125
sphere 0.0 0.75 10.375 0.125
sphere -0.375 0.75 10.0 0.125
sphere 0.0 0.375 10.0 0.125
sphere 0.0 0.75 9.625 0.125
sphere 0.0 1.5 9.25 0.25
sphere 0.375 1.5 9.25 0.125
sphere 0.0 1.875 9.25 0.125
sphere 0.0 1.5 9.625 0.125
sphere -0.375 1.5 9.25 0.125
sphere 0.0 1.125 9.25 0.125
sphere 0.0 1.5 8.875 0.125
sphere 0.0 3.0 8.5 0.5
sphere 0.75 3.0 8.5 0.25
sphere 1.125 3.0 8.5 0.125
sphere 0.75 3.375 8.5 0.125
sphere 0.75 3.0 8.875 0.125
sphere 0.375 3.0 8.5 0.125
sphere 0.75 2.625 8.5 0.125
sphere 0.75 3.0 8.125 0.125
sphere 0.0 3.75 8.5 0.25
sphere 0.375 3.75 8.5 0.125
sphere 0.0 4.125 8.5 0.125
sphere 0.0 3.75 8.875 0.125
sphere -0.375 3.75 8.5 0.125
sphere 0.0 3.375 8.5 0.125
sphere 0.0 3.75 8.125 0.125
sphere 0.0 3.0 9.25 0.25
sphere 0.375 3.0 9.25 0.125
sphere 0.0 3.375 9.25 0.125
sphere 0.0 3.0 9.625 0.125
sphere -0.375 3.0 9.25 0.125
sphere 0.0 2.625 9.25 0.125
sphere 0.0 3.0 8.875 0.125
sphere -0.75 3.0 8.5 0.25
sphere -0.375 3.0 8.5 0.125
sphere -0.75 3.375 8.5 0.125
sphere -0.75 3.0 8.875 0.125
sphere -1.125 3.0 8.5 0.125
sphere -0.75 2.625 8.5 0.125
sphere -0.75 3.0 8.125 0.125
sphere 0.0 2.25 8.5 0.25
sphere 0.375 2.25 8.5 0.125
sphere 0.0 2.625 8.5 0.125
sphere 0.0 2.25 8.875 0.125
sphere -0.375 2.25 8.5 0.125
sphere 0.0 1.875 8.5 0.125
sphere 0.0 2.25 8.125 0.125
sphere 0.0 3.0 7.75 0.25
sphere 0.375 3.0 7.75 0.125
sphere 0.0 3.375 7.75 0.125
sphere 0.0 3.0 8.125 0.125
sphere -0.375 3.0 7.75 0.125
sphere 0.0 2.625 7.75 0.125
sphere 0.0 3.0 7.375 0.125
sphere 0.0 0.0 13.0 1.0
sphere 1.5 0.0 13.0 0.5
sphere 2.25 0.0 13.0 0.25
sphere 2.625 0.0 13.0 0.125
sphere 2.25 0.375 13.0 0.125
sphere 2.25 0.0 13.375 0.125
sphere 1.875 0.0 13.0 0.125
sphere 2.25 -0.375 13.0 0.125
sphere 2.25 0.0 12.625 0.125
sphere 1.5 0.75 13.0 0.25
sphere 1.875 0.75 13.0 0.125
sphere 1.5 1.125 13.0 0.125
sphere 1.5 0.75 13.375 0.125
sphere 1.125 0.75 13.0 0.125
sphere 1.5 0.375 13.0 0.125
sphere 1.5 0.75 12.625 0.125
sphere 1.5 0.0 13.75 0.25
sphere 1.875 0.0 13.75 0.125
sphere 1.5 0.375 13.75 0.125
sphere 1.5 0.0 14.125 0.125
sphere 1.125 0.0 13.75 0.125
sphere 1.5 -0.375 13.75 0.125
sphere 1.5 0.0 13.375 0.125
sphere 0.75 0.0 13.0 0.25
sphere 1.125 0.0 13.0 0.125
sphere 0.75 0.375 13.0 0.125
sphere 0.75 0.0 13.375 0.125
sphere 0.375 0.0 13.0 0.125
sphere 0.75 -0.375 13.0 0.125
sphere 0.75 0.0 12.625 0.125
sphere 1.5 -0.75 13.0 0.25
sphere 1.875 -0.75 13.0 0.125
sphere 1.5 -0.375 13.0 0.125
sphere 1.5 -0.75 13.375 0.125
sphere 1.125 -0.75 13.0 0.125
sphere 1.5 -1.125 13.0 0.125
sphere 1.5 -0.75 12.625 0.125
sphere 1.5 0.0 12.25 0.25
sphere 1.875 0.0 12.25 0.125
sphere 1.5 0.375 12.25 0.125
sphere 1.5 0.0 12.625 0.125
sphere 1.125 0.0 12.25 0.125
sphere 1.5 -0.375 12.25 0.125
sphere 1.5 0.0 11.875 0.125
sphere 0.0 1.5 13.0 0.5
sphere 0.75 1.5 13.0 0.25
sphere 1.125 1.5 13.0 0.125
sphere 0.75 1.875 13.0 0.125
sphere 0.75 1.5 13.375 0.125
sphere 0.375 1.5 13.0 0.125
sphere 0.75 1.125 13.0 0.125
sphere 0.75 1.5 12.625 0.125
sphere 0.0 2.25 13.0 0.25
sphere 0.375 2.25 13.0 0.125
sphere 0.0 2.625 13.0 0.125
sphere 0.0 2.25 13.375 0.125
sphere -0.375 2.25 13.0 0.125
sphere 0.0 1.875 13.0 0.125
sphere 0.0 2.25 12.625 0.125
sphere 0.0 1.5 13.75 0.25
sphere 0.375 1.5 13.75 0.125
sphere 0.0 1.875 13.75 0.125
sphere 0.0 1.5 14.125 0.125
sphere -0.375 1.5 13.75 0.125
sphere 0.0 1.125 13.75 0.125
sphere 0.0 1.5 13.375 0.125
sphere -0.75 1.5 13.0 0.25
sphere -0.375 1.5 13.0 0.125
sphere -0.75 1.875 13.0 0.125
sphere -0.75 1.5 13.375 0.125
sphere -1.125 1.5 13.0 0.125
sphere -0.75 1.125 13.0 0.125
sphere -0.75 1.5 12.625 0.125
sphere 0.0 0.75 13.0 0.25
sphere 0.375 0.75 13.0 0.125
sphere 0.0 1.125 13.0 0.125
sphere 0.0 0.75 13.375 0.125
sphere -0.375 0.75 13.0 0.125
sphere 0.0 0.375 13.0 0.125
sphere 0.0 0.75 12.625 0.125
sphere 0.0 1.5 12.25 0.25
sphere 0.375 1.5 12.25 0.125
sphere 0.0 1.875 12.25 0.125
sphere 0.0 1.5 12.625 0.125
sphere -0.375 1.5 12.25 0.125
sphere 0.0 1.125 12.25 0.125
sphere 0.0 1.5 11.875 0.125
sphere 0.0 0.0 14.5 0.5
sphere 0.75 0.0 14.5 0.25
sphere 1.125 0.0 14.5 0.125
sphere 0.75 0.375 14.5 0.125
sphere 0.75 0.0 14.875 0.125
sphere 0.375 0.0 14.5 0.125
sphere 0.75 -0.375 14.5 0.125
sphere 0.75 0.0 14.125 0.125
sphere 0.0 0.75 14.5 0.25
sphere 0.375 0.75 14.5 0.125
sphere 0.0 1.125 14.5 0.125
sphere 0.0 0.75 14.875 0.125
sphere -0.375 0.75 14.5 0.125
sphere 0.0 0.375 14.5 0.125
sphere 0.0 0.75 14.125 0.125
sphere 0.0 0.0 15.25 0.25
sphere 0.375 0.0 15.25 0.125
sphere 0.0 0.375 15.25 0.125
sphere 0.0 0.0 15.625 0.125
sphere -0.375 0.0 15.25 0.125
sphere 0.0 -0.375 15.25 0.125
sphere 0.0 0.0 14.875 0.125
sphere -0.75 0.0 14.5 0.25
sphere -0.375 0.0 14.5 0.125
sphere -0.75 0.375 14.5 0.125
sphere -0.75 0.0 14.875 0.125
sphere -1.125 0.0 14.5 0.125
sphere -0.75 -0.375 14.5 0.125
sphere -0.75 0.0 14.125 0.125
sphere 0.0 -0.75 14.5 0.25
sphere 0.375 -0.75 14.5 0.125
sphere 0.0 -0.375 14.5 0.125
sphere 0.0 -0.75 14.875 0.125
sphere -0.375 -0.75 14.5 0.125
sphere 0.0 -1.125 14.5 0.125
sphere 0.0 -0.75 14.125 0.125
sphere 0.0 0.0 13.75 0.25
sphere 0.375 0.0 13.75 0.125
sphere 0.0 0.375 13.75 0.125
sphere 0.0 0.0 14.125 0.125
sphere -0.375 0.0 13.75 0.125
sphere 0.0 -0.375 13.75 0.125
sphere 0.0 0.0 13.375 0.125
sphere -1.5 0.0 13.0 0.5
sphere -0.75 0.0 13.0 0.25
sphere -0.375 0.0 13.0 0.125
sphere -0.75 0.375 13.0 0.125
sphere -0.75 0.0 13.375 0.125
sphere -1.125 0.0 13.0 0.125
sphere -0.75 -0.375 13.0 0.125
sphere -0.75 0.0 12.625 0.125
sphere -1.5 0.75 13.0 0.25
sphere -1.125 0.75 13.0 0.125
sphere -1.5 1.125 13.0 0.125
sphere -1.5 0.75 13.375 0.125
sphere -1.875 0.75 13.0 0.125
sphere -1.5 0.375 13.0 0.125
sphere -1.5 0.75 12.625 0.125
sphere -1.5 0.0 13.75 0.25
sphere -1.125 0.0 13.75 0.125
sphere -1.5 0.375 13.75 0.125
sphere -1.5 0.0 14.125 0.125
sphere -1.875 0.0 13.75 0.125
sphere -1.5 -0.375 13.75 0.125
sphere -1.5 0.0 13.375 0.125
sphere -2.25 0.0 13.0 0.25
sphere -1.875 0.0 13.0 0.125
sphere -2.25 0.375 13.0 0.125
sphere -2.25 0.0 13.375 0.125
sphere -2.625 0.0 13.0 0.125
sphere -2.25 -0.375 13.0 0.125
sphere -2.25 0.0 12.625 0.125
sphere -1.5 -0.75 13.0 0.25
sphere -1.125 -0.75 13.0 0.125
sphere -1.5 -0.375 13.0 0.125
sphere -1.5 -0.75 13.375 0.125
sphere -1.875 -0.75 13.0 0.125
sphere -1.5 -1.125 13.0 0.125
sphere -1.5 -0.75 12.625 0.125
sphere -1.5 0.0 12.25 0.25
sphere -1.125 0.0 12.25 0.125
sphere -1.5 0.375 12.25 0.125
sphere -1.5 0.0 12.625 0.125
sphere -1.875 0.0 12.25 0.125
sphere -1.5 -0.375 12.25 0.125
sphere -1.5 0.0 11.875 0.125
sphere 0.0 -1.5 13.0 0.5
sphere 0.75 -1.5 13.0 0.25
sphere 1.125 -1.5 13.0 0.125
sphere 0.75 -1.125 13.0 0.125
sphere 0.75 -1.5 13.375 0.125
sphere 0.375 -1.5 13.0 0.125
sphere 0.75 -1.875 13.0 0.125
sphere 0.75 -1.5 12.625 0.125
sphere 0.0 -0.75 13.0 0.25
sphere 0.375 -0.75 13.0 0.125
sphere 0.0 -0.375 13.0 0.125
sphere 0.0 -0.75 13.375 0.125
sphere -0.375 -0.75 13.0 0.125
sphere 0.0 -1.125 13.0 0.125
sphere 0.0 -0.75 12.625 0.125
sphere 0.0 -1.5 13.75 0.25
sphere 0.375 -1.5 13.75 0.125
sphere 0.0 -1.125 13.75 0.125
sphere 0.0 -1.5 14.125 0.125
sphere -0.375 -1.5 13.75 0.125
sphere 0.0 -1.875 13.75 0.125
sphere 0.0 -1.5 13.375 0.125
sphere -0.75 -1.5 13.0 0.25
sphere -0.375 -1.5 13.0 0.125
sphere -0.75 -1.125 13.0 0.125
sphere -0.75 -1.5 13.375 0.125
sphere -1.125 -1.5 13.0 0.125
sphere -0.75 -1.875 13.0 0.125
sphere -0.75 -1.5 12.625 0.125
sphere 0.0 -2.25 13.0 0.25
sphere 0.375 -2.25 13.0 0.125
sphere 0.0 -1.875 13.0 0.125
sphere 0.0 -2.25 13.375 0.125
sphere -0.375 -2.25 13.0 0.125
sphere 0.0 -2.625 13.0 0.125
sphere 0.0 -2.25 12.625 0.125
sphere 0.0 -1.5 12.25 0.25
sphere 0.375 -1.5 12.25 0.125
sphere 0.0 -1.125 12.25 0.125
sphere 0.0 -1.5 12.625 0.125
sphere -0.375 -1.5 12.25 0.125
sphere 0.0 -1.875 12.25 0.125
sphere 0.0 -1.5 11.875 0.125
sphere 0.0 0.0 11.5 0.5
sphere 0.75 0.0 11.5 0.25
sphere 1.125 0.0 11.5 0.125
sphere 0.75 0.375 11.5 0.125
sphere 0.75 0.0 11.875 0.125
sphere 0.375 0.0 11.5 0.125
sphere 0.75 -0.375 11.5 0.125
sphere 0.75 0.0 11.125 0.125
sphere 0.0 0.75 11.5 0.25
sphere 0.375 0.75 11.5 0.125
sphere 0.0 1.125 11.5 0.125
sphere 0.0 0.75 11.875 0.125
sphere -0.375 0.75 11.5 0.125
sphere 0.0 0.375 11.5 0.125
sphere 0.0 0.75 11.125 0.125
sphere 0.0 0.0 12.25 0.25
sphere 0.375 0.0 12.25 0.125
sphere 0.0 0.375 12.25 0.125
sphere 0.0 0.0 12.625 0.125
sphere -0.375 0.0 12.25 0.125
sphere 0.0 -0.375 12.25 0.125
sphere 0.0 0.0 11.875 0.125
sphere -0.75 0.0 11.5 0.25
sphere -0.375 0.0 11.5 0.125
sphere -0.75 0.375 11.5 0.125
sphere -0.75 0.0 11.875 0.125
sphere -1.125 0.0 11.5 0.125
sphere -0.75 -0.375 11.5 0.125
sphere -0.75 0.0 11.125 0.125
sphere 0.0 -0.75 11.5 0.25
sphere 0.375 -0.75 11.5 0.125
sphere 0.0 -0.375 11.5 0.125
sphere 0.0 -0.75 11.875 0.125
sphere -0.375 -0.75 11.5 0.125
sphere 0.0 -1.125 11.5 0.125
sphere 0.0 -0.75 11.125 0.125
sphere 0.0 0.0 10.75 0.25
sphere 0.375 0.0 10.75 0.125
sphere 0.0 0.375 10.75 0.125
sphere 0.0 0.0 11.125 0.125
sphere -0.375 0.0 10.75 0.125
sphere 0.0 -0.375 10.75 0.125
sphere 0.0 0.0 10.375 0.125
sphere -3.0 0.0 10.0 1.0
sphere -1.5 0.0 10.0 0.5
sphere -0.75 0.0 10.0 0.25
sphere -0.375 0.0 10.0 0.125
sphere -0.75 0.375 10.0 0.125
sphere -0.75 0.0 10.375 0.125
sphere -1.125 0.0 10.0 0.125
sphere -0.75 -0.375 10.0 0.125
sphere -0.75 0.0 9.625 0.125
sphere -1.5 0.75 10.0 0.25
sphere -1.125 0.75 10.0 0.125
sphere -1.5 1.125 10.0 0.125
sphere -1.5 0.75 10.375 0.125
sphere -1.875 0.75 10.0 0.125
sphere -1.5 0.375 10.0 0.125
sphere -1.5 0.75 9.625 0.125
sphere -1.5 0.0 10.75 0.25
sphere -1.125 0.0 10.75 0.125
sphere -1.5 0.375 10.75 0.125
sphere -1.5 0.0 11.125 0.125
sphere -1.875 0.0 10.75 0.125
sphere -1.5 -0.375 10.75 0.125
sphere -1.5 0.0 10.375 0.125
sphere -2.25 0.0 10.0 0.25
sphere -1.875 0.0 10.0 0.125
sphere -2.25 0.375 10.0 0.125
sphere -2.25 0.0 10.375 0.125
sphere -2.625 0.0 10.0 0.125
sphere -2.25 -0.375 10.0 0.125
sphere -2.25 0.0 9.625 0.125
sphere -1.5 -0.75 10.0 0.25
sphere -1.125 -0.75 10.0 0.125
sphere -1.5 -0.375 10.0 0.125
sphere -1.5 -0.75 10.375 0.125
sphere -1.875 -0.75 10.0 0.125
sphere -1.5 -1.125 10.0 0.125
sphere -1.5 -0.75 9.625 0.125
sphere -1.5 0.0 9.25 0.25
sphere -1.125 0.0 9.25 0.125
sphere -1.5 0.375 9.25 0.125
sphere -1.5 0.0 9.625 0.125
sphere -1.875 0.0 9.25 0.125
sphere -1.5 -0.375 9.25 0.125
sphere -1.5 0.0 8.875 0.125
sphere -3.0 1.5 10.0 0.5
sphere -2.25 1.5 10.0 0.25
sphere -1.875 1.5 10.0 0.125
sphere -2.25 1.875 10.0 0.125
sphere -2.25 1.5 10.375 0.125
sphere -2.625 1.5 10.0 0.125
sphere -2.25 1.125 10.0 0.125
sphere -2.25 1.5 9.625 0.125
sphere -3.0 2.25 10.0 0.25
sphere -2.625 2.25 10.0 0.125
sphere -3.0 2.625 10.0 0.125
sphere -3.0 2.25 10.375 0.125
sphere -3.375 2.25 10.0 0.125
sphere -3.0 1.875 10.0 0.125
sphere -3.0 2.25 9.625 0.125
sphere -3.0 1.5 10.75 0.25
sphere -2.625 1.5 10.75 0.125
sphere -3.0 1.875 10.75 0.125
sphere -3.0 1.5 11.125 0.125
sphere -3.375 1.5 10.75 0.125
sphere -3.0 1.125 10.75 0.125
sphere -3.0 1.5 10.375 0.125
sphere -3.75 1.5 10.0 0.25
sphere -3.375 1.5 10.0 0.125
sphere -3.75 1.875 10.0 0.125
sphere -3.75 1.5 10.375 0.125
sphere -4.125 1.5 10.0 0.125
sphere -3.75 1.125 10.0 0.125
sphere -3.75 1.5 9.625 0.125
sphere -3.0 0.75 10.0 0.25
sphere -2.625 0.75 10.0 0.125
sphere -3.0 1.125 10.0 0.125
sphere -3.0 0.75 10.375 0.125
sphere -3.375 0.75 10.0 0.125
sphere -3.0 0.375 10.0 0.125
sphere -3.0 0.75 9.625 0.125
sphere -3.0 1.5 9.25 0.25
sphere -2.625 1.5 9.25 0.125
sphere -3.0 1.875 9.25 0.125
sphere -3.0 1.5 9.625 0.125
sphere -3.375 1.5 9.25 0.125
sphere -3.0 1.125 9.25 0.125
sphere -3.0 1.5 8.875 0.125
sphere -3.0 0.0 11.5 0.5
sphere -2.25 0.0 11.5 0.25
sphere -1.875 0.0 11.5 0.125
sphere -2.25 0.375 11.5 0.125
sphere -2.25 0.0 11.875 0.125
sphere -2.625 0.0 11.5 0.125
sphere -2.25 -0.375 11.5 0.125
sphere -2.25 0.0 11.125 0.125
sphere -3.0 0.75 11.5 0.25
sphere -2.625 0.75 11.5 0.125
sphere -3.0 1.125 11.5 0.125
sphere -3.0 0.75 11.875 0.125
sphere -3.375 0.75 11.5 0.125
sphere -3.0 0.375 11.5 0.125
sphere -3.0 0.75 11.125 0.125
sphere -3.0 0.0 12.25 0.25
sphere -2.625 0.0 12.25 0.125
sphere -3.0 0.375 12.25 0.125
sphere -3.0 0.0 12.625 0.125
sphere -3.375 0.0 12.25 0.125
sphere -3.0 -0.375 12.25 0.125
sphere -3.0 0.0 11.875 0.125
sphere -3.75 0.0 11.5 0.25
sphere -3.375 0.0 11.5 0.125
sphere -3.75 0.375 11.5 0.125
sphere -3.75 0.0 11.875 0.125
sphere -4.125 0.0 11.5 0.125
sphere -3.75 -0.375 11.5 0.125
sphere -3.75 0.0 11.125 0.125
sphere -3.0 -0.75 11.5 0.25
sphere -2.625 -0.75 11.5 0.125
sphere -3.0 -0.375 11.5 0.125
sphere -3.0 -0.75 11.875 0.125
sphere -3.375 -0.75 11.5 0.125
sphere -3.0 -1.125 11.5 0.125
sphere -3.0 -0.75 11.125 0.125
sphere -3.0 0.0 10.75 0.25
sphere -2.625 0.0 10.75 0.125
sphere -3.0 0.375 10.75 0.125
sphere -3.0 0.0 11.125 0.125
sphere -3.375 0.0 10.75 0.125
sphere -3.0 -0.375 10.75 0.125
sphere -3.0 0.0 10.375 0.125
sphere -4.5 0.0 10.0 0.5
sphere -3.75 0.0 10.0 0.25
sphere -3.375 0.0 10.0 0.125
sphere -3.75 0.375 10.0 0.125
sphere -3.75 0.0 10.375 0.125
sphere -4.125 0.0 10.0 0.125
sphere -3.75 -0.375 10.0 0.125
sphere -3.75 0.0 9.625 0.125
sphere -4.5 0.75 10.0 0.25
sphere -4.125 0.75 10.0 0.125
sphere -4.5 1.125 10.0 0.125
sphere -4.5 0.75 10.375 0.125
sphere -4.875 0.75 10.0 0.125
sphere -4.5 0.375 10.0 0.125
sphere -4.5 0.75 9.625 0.125
sphere -4.5 0.0 10.75 0.25
sphere -4.125 0.0 10.75 0.125
sphere -4.5 0.375 10.75 0.125
sphere -4.5 0.0 11.125 0.125
sphere -4.875 0.0 10.75 0.125
sphere -4.5 -0.375 10.75 0.125
sphere -4.5 0.0 10.375 0.125
sphere -5.25 0.0 10.0 0.25
sphere -4.875 0.0 10.0 0.125
sphere -5.25 0.375 10.0 0.125
sphere -5.25 0.0 10.375 0.125
sphere -5.625 0.0 10.0 0.125
sphere -5.25 -0.375 10.0 0.125
sphere -5.25 0.0 9.625 0.125
sphere -4.5 -0.75 10.0 0.25
sphere -4.125 -0.75 10.0 0.125
sphere -4.5 -0.375 10.0 0.125
sphere -4.5 -0.75 10.375 0.125
sphere -4.875 -0.75 10.0 0.125
sphere -4.5 -1.125 10.0 0.125
sphere -4.5 -0.75 9.625 0.125
sphere -4.5 0.0 9.25 0.25
sphere -4.125 0.0 9.25 0.125
sphere -4.5 0.375 9.25 0.125
sphere -4.5 0.0 9.625 0.125
sphere -4.875 0.0 9.25 0.125
sphere -4.5 -0.375 9.25 0.125
sphere -4.5 0.0 8.875 0.125
sphere -3.0 -1.5 10.0 0.5
sphere -2.25 -1.5 10.0 0.25
sphere -1.875 -1.5 10.0 0.125
sphere -2.25 -1.125 10.0 0.125
sphere -2.25 -1.5 10.375 0.125
sphere -2.625 -1.5 10.0 0.125
sphere -2.25 -1.875 10.0 0.125
sphere -2.25 -1.5 9.625 0.125
sphere -3.0 -0.75 10.0 0.25
sphere -2.625 -0.75 10.0 0.125
sphere -3.0 -0.375 10.0 0.125
sphere -3.0 -0.75 10.375 0.125
sphere -3.375 -0.75 10.0 0.125
sphere -3.0 -1.125 10.0 0.125
sphere -3.0 -0.75 9.625 0.125
sphere -3.0 -1.5 10.75 0.25
sphere -2.625 -1.5 10.75 0.125
sphere -3.0 -1.125 10.75 0.125
sphere -3.0 -1.5 11.125 0.125
sphere -3.375 -1.5 10.75 0.125
sphere -3.0 -1.875 10.75 0.125
sphere -3.0 -1.5 10.375 0.125
sphere -3.75 -1.5 10.0 0.25
sphere -3.375 -1.5 10.0 0.125
sphere -3.75 -1.125 10.0 0.125
sphere -3.75 -1.5 10.375 0.125
sphere -4.125 -1.5 10.0 0.125
sphere -3.75 -1.875 10.0 0.125
sphere -3.75 -1.5 9.625 0.125
sphere -3.0 -2.25 10.0 0.25
sphere -2.625 -2.25 10.0 0.125
sphere -3.0 -1.875 10.0 0.125
sphere -3.0 -2.25 10.375 0.125
sphere -3.375 -2.25 10.0 0.125
sphere -3.0 -2.625 10.0 0.125
sphere -3.0 -2.25 9.625 0.125
sphere -3.0 -1.5 9.25 0.25
sphere -2.625 -1.5 9.25 0.125
sphere -3.0 -1.125 9.25 0.125
sphere -3.0 -1.5 9.625 0.125
sphere -3.375 -1.5 9.25 0.125
sphere -3.0 -1.875 9.25 0.125
sphere -3.0 -1.5 8.875 0.125
sphere -3.0 0.0 8.5 0.5
sphere -2.25 0.0 8.5 0.25
sphere -1.875 0.0 8.5 0.125
sphere -2.25 0.375 8.5 0.125
sphere -2.25 0.0 8.875 0.125
sphere -2.625 0.0 8.5 0.125
sphere -2.25 -0.375 8.5 0.125
sphere -2.25 0.0 8.125 0.125
sphere -3.0 0.75 8.5 0.25
sphere -2.625 0.75 8.5 0.125
sphere -3.0 1.125 8.5 0.125
sphere -3.0 0.75 8.875 0.125
sphere -3.375 0.75 8.5 0.125
sphere -3.0 0.375 8.5 0.125
sphere -3.0 0.75 8.125 0.125
sphere -3.0 0.0 9.25 0.25
sphere -2.625 0.0 9.25 0.125
sphere -3.0 0.375 9.25 0.125
sphere -3.0 0.0 9.625 0.125
sphere -3.375 0.0 9.25 0.125
sphere -3.0 -0.375 9.25 0.125
sphere -3.0 0.0 8.875 0.125
sphere -3.75 0.0 8.5 0.25
sphere -3.375 0.0 8.5 0.125
sphere -3.75 0.375 8.5 0.125
sphere -3.75 0.0 8.875 0.125
sphere -4.125 0.0 8.5 0.125
sphere -3.75 -0.375 8.5 0.125
sphere -3.75 0.0 8.125 0.125
sphere -3.0 -0.75 8.5 0.25
sphere -2.625 -0.75 8.5 0.125
sphere -3.0 -0.375 8.5 0.125
sphere -3.0 -0.75 8.875 0.125
sphere -3.375 -0.75 8.5 0.125
sphere -3.0 -1.125 8.5 0.125
sphere -3.0 -0.75 8.125 0.125
sphere -3.0 0.0 7.75 0.25
sphere -2.625 0.0 7.75 0.125
sphere -3.0 0.375 7.75 0.125
sphere -3.0 0.0 8.125 0.125
sphere -3.375 0.0 7.75 0.125
sphere -3.0 -0.375 7.75 0.125
sphere -3.0 0.0 7.375 0.125
sphere 0.0 -3.0 10.0 1.0
sphere 1.5 -3.0 10.0 0.5
sphere 2.25 -3.0 10.0 0.25
sphere 2.625 -3.0 10.0 0.125
sphere 2.25 -2.625 10.0 0.125
sphere 2.25 -3.0 10.375 0.125
sphere 1.875 -3.0 10.0 0.125
sphere 2.25 -3.375 10.0 0.125
sphere 2.25 -3.0 9.625 0.125
sphere 1.5 -2.25 10.0 0.25
sphere 1.875 -2.25 10.0 0.125
sphere 1.5 -1.875 10.0 0.125
sphere 1.5 -2.25 10.375 0.125
sphere 1.125 -2.25 10.0 0.125
sphere 1.5 -2.625 10.0 0.125
sphere 1.5 -2.25 9.625 0.125
sphere 1.5 -3.0 10.75 0.25
sphere 1.875 -3.0 10.75 0.125
sphere 1.5 -2.625 10.75 0.125
sphere 1.5 -3.0 11.125 0.125
sphere 1.125 -3.0 10.75 0.125
sphere 1.5 -3.375 10.75 0.125
sphere 1.5 -3.0 10.375 0.125
sphere 0.75 -3.0 10.0 0.25
sphere 1.125 -3.0 10.0 0.125
sphere 0.75 -2.625 10.0 0.125
sphere 0.75 -3.0 10.375 0.125
sphere 0.375 -3.0 10.0 0.125
sphere 0.75 -3.375 10.0 0.125
sphere 0.75 -3.0 9.625 0.125
sphere 1.5 -3.75 10.0 0.25
sphere 1.875 -3.75 10.0 0.125
sphere 1.5 -3.375 10.0 0.125
sphere 1.5 -3.75 10.375 0.125
sphere 1.125 -3.75 10.0 0.125
sphere 1.5 -4.125 10.0 0.125
sphere 1.5 -3.75 9.625 0.125
sphere 1.5 -3.0 9.25 0.25
sphere 1.875 -3.0 9.25 0.125
sphere 1.5 -2.625 9.25 0.125
sphere 1.5 -3.0 9.625 0.125
sphere 1.125 -3.0 9.25 0.125
sphere 1.5 -3.375 9.25 0.125
sphere 1.5 -3.0 8.875 0.125
sphere 0.0 -1.5 10.0 0.5
sphere 0.75 -1.5 10.0 0.25
sphere 1.125 -1.5 10.0 0.125
sphere 0.75 -1.125 10.0 0.125
sphere 0.75 -1.5 10.375 0.125
sphere 0.375 -1.5 10.0 0.125
sphere 0.75 -1.875 10.0 0.125
sphere 0.75 -1.5 9.625 0.125
sphere 0.0 -0.75 10.0 0.25
sphere 0.375 -0.75 10.0 0.125
sphere 0.0 -0.375 10.0 0.125
sphere 0.0 -0.75 10.375 0.125
sphere -0.375 -0.75 10.0 0.125
sphere 0.0 -1.125 10.0 0.125
sphere 0.0 -0.75 9.625 0.125
sphere 0.0 -1.5 10.75 0.25
sphere 0.375 -1.5 10.75 0.125
sphere 0.0 -1.125 10.75 0.125
sphere 0.0 -1.5 11.125 0.125
sphere -0.375 -1.5 10.75 0.125
sphere 0.0 -1.875 10.75 0.125
sphere 0.0 -1.5 10.375 0.125
sphere -0.75 -1.5 10.0 0.25
sphere -0.375 -1.5 10.0 0.125
sphere -0.75 -1.125 10.0 0.125
sphere -0.75 -1.5 10.375 0.125
sphere -1.125 -1.5 10.0 0.125
sphere -0.75 -1.875 10.0 0.125
sphere -0.75 -1.5 9.625 0.125
sphere 0.0 -2.25 10.0 0.25
sphere 0.375 -2.25 10.0 0.125
sphere 0.0 -1.875 10.0 0.125
sphere 0.0 -2.25 10.375 0.125
sphere -0.375 -2.25 10.0 0.125
sphere 0.0 -2.625 10.0 0.125
sphere 0.0 -2.25 9.625 0.125
sphere 0.0 -1.5 9.25 0.25
sphere 0.375 -1.5 9.25 0.125
sphere 0.0 -1.125 9.25 0.125
sphere 0.0 -1.5 9.625 0.125
sphere -0.375 -1.5 9.25 0.125
sphere 0.0 -1.875 9.25 0.125
sphere 0.0 -1.5 8.875 0.125
sphere 0.0 -3.0 11.5 0.5
sphere 0.75 -3.0 11.5 0.25
sphere 1.125 -3.0 11.5 0.125
sphere 0.75 -2.625 11.5 0.125
sphere 0.75 -3.0 11.875 0.125
sphere 0.375 -3.0 11.5 0.125
sphere 0.75 -3.375 11.5 0.125
sphere 0.75 -3.0 11.125 0.125
sphere 0.0 -2.25 11.5 0.25
sphere 0.375 -2.25 11.5 0.125
sphere 0.0 -1.875 11.5 0.125
sphere 0.0 -2.25 11.875 0.125
sphere -0.375 -2.25 11.5 0.125
sphere 0.0 -2.625 11.5 0.125
sphere 0.0 -2.25 11.125 0.125
sphere 0.0 -3.0 12.25 0.25
sphere 0.375 -3.0 12.25 0.125
sphere 0.0 -2.625 12.25 0.125
sphere 0.0 -3.0 12.625 0.125
sphere -0.375 -3.0 12.25 0.125
sphere 0.0 -3.375 12.25 0.125
sphere 0.0 -3.0 11.875 0.125
sphere -0.75 -3.0 11.5 0.25
sphere -0.375 -3.0 11.5 0.125
sphere -0.75 -2.625 11.5 0.125
sphere -0.75 -3.0 11.875 0.125
sphere -1.125 -3.0 11.5 0.125
sphere -0.75 -3.375 11.5 0.125
sphere -0.75 -3.0 11.125 0.125
sphere 0.0 -3.75 11.5 0.25
sphere 0.375 -3.75 11.5 0.125
sphere 0.0 -3.375 11.5 0.125
sphere 0.0 -3.75 11.875 0.125
sphere -0.375 -3.75 11.5 0.125
sphere 0.0 -4.125 11.5 0.125
sphere 0.0 -3.75 11.125 0.125
sphere 0.0 -3.0 10.75 0.25
sphere 0.375 -3.0 10.75 0.125
sphere 0.0 -2.625 10.75 0.125
sphere 0.0 -3.0 11.125 0.125
sphere -0.375 -3.0 10.75 0.125
sphere 0.0 -3.375 10.75 0.125
sphere 0.0 -3.0 10.375 0.125
sphere -1.5 -3.0 10.0 0.5
sphere -0.75 -3.0 10.0 0.25
sphere -0.375 -3.0 10.0 0.125
sphere -0.75 -2.625 10.0 0.125
sphere -0.75 -3.0 10.375 0.125
sphere -1.125 -3.0 10.0 0.125
sphere -0.75 -3.375 10.0 0.125
sphere -0.75 -3.0 9.625 0.125
sphere -1.5 -2.25 10.0 0.25
sphere -1.125 -2.25 10.0 0.125
sphere -1.5 -1.875 10.0 0.125
sphere -1.5 -2.25 10.375 0.125
sphere -1.875 -2.25 10.0 0.125
sphere -1.5 -2.625 10.0 0.125
sphere -1.5 -2.25 9.625 0.125
sphere -1.5 -3.0 10.75 0.25
sphere -1.125 -3.0 10.75 0.125
sphere -1.5 -2.625 10.75 0.125
sphere -1.5 -3.0 11.125 0.125
sphere -1.875 -3.0 10.75 0.125
sphere -1.5 -3.375 10.75 0.125
sphere -1.5 -3.0 10.375 0.125
sphere -2.25 -3.0 10.0 0.25
sphere -1.875 -3.0 10.0 0.125
sphere -2.25 -2.625 10.0 0.125
sphere -2.25 -3.0 10.375 0.125
sphere -2.625 -3.0 10.0 0.125
sphere -2.25 -3.375 10.0 0.125
sphere -2.25 -3.0 9.625 0.125
sphere -1.5 -3.75 10.0 0.25
sphere -1.125 -3.75 10.0 0.125
sphere -1.5 -3.375 10.0 0.125
sphere -1.5 -3.75 10.375 0.125
sphere -1.875 -3.75 10.0 0.125
sphere -1.5 -4.125 10.0 0.125
sphere -1.5 -3.75 9.625 0.125
sphere -1.5 -3.0 9.25 0.25
sphere -1.125 -3.0 9.25 0.125
sphere -1.5 -2.625 9.25 0.125
sphere -1.5 -3.0 9.625 0.125
sphere -1.875 -3.0 9.25 0.125
sphere -1.5 -3.375 9.25 0.125
sphere -1.5 -3.0 8.875 0.125
sphere 0.0 -4.5 10.0 0.5
sphere 0.75 -4.5 10.0 0.25
sphere 1.125 -4.5 10.0 0.125
sphere 0.75 -4.125 10.0 0.125
sphere 0.75 -4.5 10.375 0.125
sphere 0.375 -4.5 10.0 0.125
sphere 0.75 -4.875 10.0 0.125
sphere 0.75 -4.5 9.625 0.125
sphere 0.0 -3.75 10.0 0.25
sphere 0.375 -3.75 10.0 0.125
sphere 0.0 -3.375 10.0 0.125
sphere 0.0 -3.75 10.375 0.125
sphere -0.375 -3.75 10.0 0.125
sphere 0.0 -4.125 10.0 0.125
sphere 0.0 -3.75 9.625 0.125
sphere 0.0 -4.5 10.75 0.25
sphere 0.375 -4.5 10.75 0.125
sphere 0.0 -4.125 10.75 0.125
sphere 0.0 -4.5 11.125 0.125
sphere -0.375 -4.5 10.75 0.125
sphere 0.0 -4.875 10.75 0.125
sphere 0.0 -4.5 10.375 0.125
sphere -0.75 -4.5 10.0 0.25
sphere -0.375 -4.5 10.0 0.125
sphere -0.75 -4.125 10.0 0.125
sphere -0.75 -4.5 10.375 0.125
sphere -1.125 -4.5 10.0 0.125
sphere -0.75 -4.875 10.0 0.125
sphere -0.75 -4.5 9.625 0.125
sphere 0.0 -5.25 10.0 0.25
sphere 0.375 -5.25 10.0 0.125
sphere 0.0 -4.875 10.0 0.125
sphere 0.0 -5.25 10.375 0.125
sphere -0.375 -5.25 10.0 0.125
sphere 0.0 -5.625 10.0 0.125
sphere 0.0 -5.25 9.625 0.125
sphere 0.0 -4.5 9.25 0.25
sphere 0.375 -4.5 9.25 0.125
sphere 0.0 -4.125 9.25 0.125
sphere 0.0 -4.5 9.625 0.125
sphere -0.375 -4.5 9.25 0.125
sphere 0.0 -4.875 9.25 0.125
sphere 0.0 -4.5 8.875 0.125
sphere 0.0 -3.0 8.5 0.5
sphere 0.75 -3.0 8.5 0.25
sphere 1.125 -3.0 8.5 0.125
sphere 0.75 -2.625 8.5 0.125
sphere 0.75 -3.0 8.875 0.125
sphere 0.375 -3.0 8.5 0.125
sphere 0.75 -3.375 8.5 0.125
sphere 0.75 -3.0 8.125 0.125
sphere 0.0 -2.25 8.5 0.25
sphere 0.375 -2.25 8.5 0.125
sphere 0.0 -1.875 8.5 0.125
sphere 0.0 -2.25 8.875 0.125
sphere -0.375 -2.25 8.5 0.125
sphere 0.0 -2.625 8.5 0.125
sphere 0.0 -2.25 8.125 0.125
sphere 0.0 -3.0 9.25 0.25
sphere 0.375 -3.0 9.25 0.125
sphere 0.0 -2.625 9.25 0.125
sphere 0.0 -3.0 9.625 0.125
sphere -0.375 -3.0 9.25 0.125
sphere 0.0 -3.375 9.25 0.125
sphere 0.0 -3.0 8.875 0.125
sphere -0.75 -3.0 8.5 0.25
sphere -0.375 -3.0 8.5 0.125
sphere -0.75 -2.625 8.5 0.125
sphere -0.75 -3.0 8.875 0.125
sphere -1.125 -3.0 8.5 0.125
sphere -0.75 -3.375 8.5 0.125
sphere -0.75 -3.0 8.125 0.125
sphere 0.0 -3.75 8.5 0.25
sphere 0.375 -3.75 8.5 0.125
sphere 0.0 -3.375 8.5 0.125
sphere 0.0 -3.75 8.875 0.125
sphere -0.375 -3.75 8.5 0.125
sphere 0.0 -4.125 8.5 0.125
sphere 0.0 -3.75 8.125 0.125
sphere 0.0 -3.0 7.75 0.25
sphere 0.375 -3.0 7.75 0.125
sphere 0.0 -2.625 7.75 0.125
sphere 0.0 -3.0 8.125 0.125
sphere -0.375 -3.0 7.75 0.125
sphere 0.0 -3.375 7.75 0.125
sphere 0.0 -3.0 7.375 0.125
sphere 0.0 0.0 7.0 1.0
sphere 1.5 0.0 7.0 0.5
sphere 2.25 0.0 7.0 0.25
sphere 2.625 0.0 7.0 0.125
sphere 2.25 0.375 7.0 0.125
sphere 2.25 0.0 7.375 0.125
sphere 1.875 0.0 7.0 0.125
sphere 2.25 -0.375 7.0 0.125
sphere 2.25 0.0 6.625 0.125
sphere 1.5 0.75 7.0 0.25
sphere 1.875 0.75 7.0 0.125
sphere 1.5 1.125 7.0 0.125
sphere 1.5 0.75 7.375 0.125
sphere 1.125 0.75 7.0 0.125
sphere 1.5 0.375 7.0 0.125
sphere 1.5 0.75 6.625 0.125
sphere 1.5 0.0 7.75 0.25
sphere 1.875 0.0 7.75 0.125
sphere 1.5 0.375 7.75 0.125
sphere 1.5 0.0 8.125 0.125
sphere 1.125 0.0 7.75 0.125
sphere 1.5 -0.375 7.75 0.125
sphere 1.5 0.0 7.375 0.125
sphere 0.75 0.0 7.0 0.25
sphere 1.125 0.0 7.0 0.125
sphere 0.75 0.375 7.0 0.125
sphere 0.75 0.0 7.375 0.125
sphere 0.375 0.0 7.0 0.125
sphere 0.75 -0.375 7.0 0.125
sphere 0.75 0.0 6.625 0.125
sphere 1.5 -0.75 7.0 0.25
sphere 1.875 -0.75 7.0 0.125
sphere 1.5 -0.375 7.0 0.125
sphere 1.5 -0.75 7.375 0.125
sphere 1.125 -0.75 7.0 0.125
sphere 1.5 -1.125 7.0 0.125
sphere 1.5 -0.75 6.625 0.125
sphere 1.5 0.0 6.25 0.25
sphere 1.875 0.0 6.25 0.125
sphere 1.5 0.375 6.25 0.125
sphere 1.5 0.0 6.625 0.125
sphere 1.125 0.0 6.25 0.125
sphere 1.5 -0.375 6.25 0.125
sphere 1.5 0.0 5.875 0.125
sphere 0.0 1.5 7.0 0.5
sphere 0.75 1.5 7.0 0.25
sphere 1.125 1.5 7.0 0.125
sphere 0.75 1.875 7.0 0.125
sphere 0.75 1.5 7.375 0.125
sphere 0.375 1.5 7.0 0.125
sphere 0.75 1.125 7.0 0.125
sphere 0.75 1.5 6.625 0.125
sphere 0.0 2.25 7.0 0.25
sphere 0.375 2.25 7.0 0.125
sphere 0.0 2.625 7.0 0.125
sphere 0.0 2.25 7.375 0.125
sphere -0.375 2.25 7.0 0.125
sphere 0.0 1.875 7.0 0.125
sphere 0.0 2.25 6.625 0.125
sphere 0.0 1.5 7.75 0.25
sphere 0.375 1.5 7.75 0.125
sphere 0.0 1.875 7.75 0.125
sphere 0.0 1.5 8.125 0.125
sphere -0.375 1.5 7.75 0.125
sphere 0.0 1.125 7.75 0.125
sphere 0.0 1.5 7.375 0.125
sphere -0.75 1.5 7.0 0.25
sphere -0.375 1.5 7.0 0.125
sphere -0.75 1.875 7.0 0.125
sphere -0.75 1.5 7.375 0.125
sphere -1.125 1.5 7.0 0.125
sphere -0.75 1.125 7.0 0.125
sphere -0.75 1.5 6.625 0.125
sphere 0.0 0.75 7.0 0.25
sphere 0.375 0.75 7.0 0.125
sphere 0.0 1.125 7.0 0.125
sphere 0.0 0.75 7.375 0.125
sphere -0.375 0.75 7.0 0.125
sphere 0.0 0.375 7.0 0.125
sphere 0.0 0.75 6.625 0.125
sphere 0.0 1.5 6.25 0.25
sphere 0.375 1.5 6.25 0.125
sphere 0.0 1.875 6.25 0.125
sphere 0.0 1.5 6.625 0.125
sphere -0.375 1.5 6.25 0.125
sphere 0.0 1.125 6.25 0.125
sphere 0.0 1.5 5.875 0.125
sphere 0.0 0.0 8.5 0.5
sphere 0.75 0.0 8.5 0.25
sphere 1.125 0.0 8.5 0.125
sphere 0.75 0.375 8.5 0.125
sphere 0.75 0.0 8.875 0.125
sphere 0.375 0.0 8.5 0.125
sphere 0.75 -0.375 8.5 0.125
sphere 0.75 0.0 8.125 0.125
sphere 0.0 0.75 8.5 0.25
sphere 0.375 0.75 8.5 0.125
sphere 0.0 1.125 8.5 0.125
sphere 0.0 0.75 8.875 0.125
sphere -0.375 0.75 8.5 0.125
sphere 0.0 0.375 8.5 0.125
sphere 0.0 0.75 8.125 0.125
sphere 0.0 0.0 9.25 0.25
sphere 0.375 0.0 9.25 0.125
sphere 0.0 0.375 9.25 0.125
sphere 0.0 0.0 9.625 0.125
sphere -0.375 0.0 9.25 0.125
sphere 0.0 -0.375 9.25 0.125
sphere 0.0 0.0 8.875 0.125
sphere -0.75 0.0 8.5 0.25
sphere -0.375 0.0 8.5 0.125
sphere -0.75 0.375 8.5 0.125
sphere -0.75 0.0 8.875 0.125
sphere -1.125 0.0 8.5 0.125
sphere -0.75 -0.375 8.5 0.125
sphere -0.75 0.0 8.125 0.125
sphere 0.0 -0.75 8.5 0.25
sphere 0.375 -0.75 8.5 0.125
sphere 0.0 -0.375 8.5 0.125
sphere 0.0 -0.75 8.875 0.125
sphere -0.375 -0.75 8.5 0.125
sphere 0.0 -1.125 8.5 0.125
sphere 0.0 -0.75 8.125 0.125
sphere 0.0 0.0 7.75 0.25
sphere 0.375 0.0 7.75 0.125
sphere 0.0 0.375 7.75 0.125
sphere 0.0 0.0 8.125 0.125
sphere -0.375 0.0 7.75 0.125
sphere 0.0 -0.375 7.75 0.125
sphere 0.0 0.0 7.375 0.125
sphere -1.5 0.0 7.0 0.5
sphere -0.75 0.0 7.0 0.25
sphere -0.375 0.0 7.0 0.125
sphere -0.75 0.375 7.0 0.125
sphere -0.75 0.0 7.375 0.125
sphere -1.125 0.0 7.0 0.125
sphere -0.75 -0.375 7.0 0.125
sphere -0.75 0.0 6.625 0.125
sphere -1.5 0.75 7.0 0.25
sphere -1.125 0.75 7.0 0.125
sphere -1.5 1.125 7.0 0.125
sphere -1.5 0.75 7.375 0.125
sphere -1.875 0.75 7.0 0.125
sphere -1.5 0.375 7.0 0.125
sphere -1.5 0.75 6.625 0.125
sphere -1.5 0.0 7.75 0.25
sphere -1.125 0.0 7.75 0.125
sphere -1.5 0.375 7.75 0.125
sphere -1.5 0.0 8.125 0.125
sphere -1.875 0.0 7.75 0.125
sphere -1.5 -0.375 7.75 0.125
sphere -1.5 0.0 7.375 0.125
sphere -2.25 0.0 7.0 0.25
sphere -1.875 0.0 7.0 0.125
sphere -2.25 0.375 7.0 0.125
sphere -2.25 0.0 7.375 0.125
sphere -2.625 0.0 7.0 0.125
sphere -2.25 -0.375 7.0 0.125
sphere -2.25 0.0 6.625 0.125
sphere -1.5 -0.75 7.0 0.25
sphere -1.125 -0.75 7.0 0.125
sphere -1.5 -0.375 7.0 0.125
sphere -1.5 -0.75 7.375 0.125
sphere -1.875 -0.75 7.0 0.125
sphere -1.5 -1.125 7.0 0.125
sphere -1.5 -0.75 6.625 0.125
sphere -1.5 0.0 6.25 0.25
sphere -1.125 0.0 6.25 0.125
sphere -1.5 0.375 6.25 0.125
sphere -1.5 0.0 6.625 0.125
sphere -1.875 0.0 6.25 0.125
sphere -1.5 -0.375 6.25 0.125
sphere -1.5 0.0 5.875 0.125
sphere 0.0 -1.5 7.0 0.5
sphere 0.75 -1.5 7.0 0.25
sphere 1.125 -1.5 7.0 0.125
sphere 0.75 -1.125 7.0 0.125
sphere 0.75 -1.5 7.375 0.125
sphere 0.375 -1.5 7.0 0.125
sphere 0.75 -1.875 7.0 0.125
sphere 0.75 -1.5 6.625 0.125
sphere 0.0 -0.75 7.0 0.25
sphere 0.375 -0.75 7.0 0.125
sphere 0.0 -0.375 7.0 0.125
sphere 0.0 -0.75 7.375 0.125
sphere -0.375 -0.75 7.0 0.125
sphere 0.0 -1.125 7.0 0.125
sphere 0.0 -0.75 6.625 0.125
sphere 0.0 -1.5 7.75 0.25
sphere 0.375 -1.5 7.75 0.125
sphere 0.0 -1.125 7.75 0.125
sphere 0.0 -1.5 8.125 0.125
sphere -0.375 -1.5 7.75 0.125
sphere 0.0 -1.875 7.75 0.125
sphere 0.0 -1.5 7.375 0.125
sphere -0.75 -1.5 7.0 0.25
sphere -0.375 -1.5 7.0 0.125
sphere -0.75 -1.125 7.0 0.125
sphere -0.75 -1.5 7.375 0.125
sphere -1.125 -1.5 7.0 0.125
sphere -0.75 -1.875 7.0 0.125
sphere -0.75 -1.5 6.625 0.125
sphere 0.0 -2.25 7.0 0.25
sphere 0.375 -2.25 7.0 0.125
sphere 0.0 -1.875 7.0 0.125
sphere 0.0 -2.25 7.375 0.125
sphere -0.375 -2.25 7.0 0.125
sphere 0.0 -2.625 7.0 0.125
sphere 0.0 -2.25 6.625 0.125
sphere 0.0 -1.5 6.25 0.25
sphere 0.375 -1.5 6.25 0.125
sphere 0.0 -1.125 6.25 0.125
sphere 0.0 -1.5 6.625 0.125
sphere -0.375 -1.5 6.25 0.125
sphere 0.0 -1.875 6.25 0.125
sphere 0.0 -1.5 5.875 0.125
sphere 0.0 0.0 5.5 0.5
sphere 0.75 0.0 5.5 0.25
sphere 1.125 0.0 5.5 0.125
sphere 0.75 0.375 5.5 0.125
sphere 0.75 0.0 5.875 0.125
sphere 0.375 0.0 5.5 0.125
sphere 0.75 -0.375 5.5 0.125
sphere 0.75 0.0 5.125 0.125
sphere 0.0 0.75 5.5 0.25
sphere 0.375 0.75 5.5 0.125
sphere 0.0 1.125 5.5 0.125
sphere 0.0 0.75 5.875 0.125
sphere -0.375 0.75 5.5 0.125
sphere 0.0 0.375 5.5 0.125
sphere 0.0 0.75 5.125 0.125
sphere 0.0 0.0 6.25 0.25
sphere 0.375 0.0 6.25 0.125
sphere 0.0 0.375 6.25 0.125
sphere 0.0 0.0 6.625 0.125
sphere -0.375 0.0 6.25 0.125
sphere 0.0 -0.375 6.25 0.125
sphere 0.0 0.0 5.875 0.125
sphere -0.75 0.0 5.5 0.25
sphere -0.375 0.0 5.5 0.125
sphere -0.75 0.375 5.5 0.125
sphere -0.75 0.0 5.875 0.125
sphere -1.125 0.0 5.5 0.125
sphere -0.75 -0.375 5.5 0.125
sphere -0.75 0.0 5.125 0.125
sphere 0.0 -0.75 5.5 0.25
sphere 0.375 -0.75 5.5 0.125
sphere 0.0 -0.375 5.5 0.125
sphere 0.0 -0.75 5.875 0.125
sphere -0.375 -0.75 5.5 0.125
sphere 0.0 -1.125 5.5 0.125
sphere 0.0 -0.75 5.125 0.125
sphere 0.0 0.0 4.75 0.25
sphere 0.375 0.0 4.75 0.125
sphere 0.0 0.375 4.75 0.125
sphere 0.0 0.0 5.125 0.125
sphere -0.375 0.0 4.75 0.125
sphere 0.0 -0.375 4.75 0.125
sphere 0.0 0.0 4.375 0.125
